4294967278,47
4294967278,46
4294967278,45
4294967278,44
4294967278,43
4294967278,42
4294967278,41
4294967278,40
4294967278,39
4294967278,38
4294967278,37
4294967278,36
4294967278,35
4294967278,34
4294967278,33
4294967278,32
4294967278,31
4294967278,30
4294967278,29
4294967278,28
4294967278,27
4294967278,26
4294967278,25
4294967278,24
4294967278,23
4294967278,22
4294967278,21
4294967278,20
4294967278,19
4294967278,18
4294967278,17
4294967278,16
4294967278,15
4294967278,14
4294967278,13
4294967278,12
4294967278,174
4294967278,88
4294967279,51
4294967279,49
4294967279,48
4294967279,47
4294967279,45
4294967279,44
4294967279,43
4294967279,42
4294967279,41
4294967279,40
4294967279,38
4294967279,37
4294967279,36
4294967279,35
4294967279,33
4294967279,32
4294967279,31
4294967279,30
4294967279,28
4294967279,26
4294967279,25
4294967279,23
4294967279,21
4294967279,19
4294967279,18
4294967279,15
4294967279,13
4294967279,11
4294967279,10
4294967278,278
4294967279,355
4294967279,379
4294967278,517
4294967279,261
4294967278,574
4294967278,260
4294967278,316
4294967278,313
4294967278,556
4294967278,555
4294967278,553
4294967278,253
4294967278,252
4294967278,573
4294967279,378
4294967278,248
4294967278,246
4294967278,245
4294967279,245
4294967278,242
4294967278,240
4294967278,238
82,6
82,5
4294967278,237
82,4
82,3
82,2
82,1
4294967278,236
4294967278,234
4294967278,232
81,5
81,4
4294967278,230
81,3
81,2
81,1
4294967278,229
4294967279,230
4294967278,228
4294967278,226
80,5
4294967278,224
80,4
80,3
80,2
80,1
4294967279,223
4294967278,222
4294967279,222
4294967278,220
4294967278,218
79,5
4294967279,218
79,4
4294967278,216
79,3
79,2
79,1
4294967279,216
4294967278,214
4294967294,388
4294967279,280
4294967278,213
4294967279,214
78,9
4294967278,212
78,8
4294967279,213
78,7
4294967278,211
78,6
4294967279,212
78,5
4294967278,210
78,4
4294967279,211
78,3
78,2
78,1
4294967278,209
4294967294,38
4294967294,37
4294967294,36
4294967294,39
4294967294,1358
4294967294,924
4294967279,210
4294967278,208
4294967279,209
4294967278,207
77,4
4294967279,208
77,3
77,2
77,1
4294967279,349
4294967278,206
4294967279,207
4294967279,206
76,4
4294967279,205
76,3
76,2
76,1
4294967279,347
4294967278,203
4294967279,204
4294967279,203
75,4
4294967279,202
75,3
75,2
75,1
4294967279,344
4294967278,200
4294967279,201
4294967278,199
4294967279,200
4294967294,89
74,4
74,3
74,2
74,1
73,4
73,3
73,2
73,1
4294967279,307
4294967294,430
72,4
4294967279,193
72,3
72,2
72,1
4294967279,304
4294967279,192
4294967278,302
4294967294,441
4294967294,1356
4294967294,911
4294967294,957
4294967279,377
4294967279,303
4294967278,301
4294967279,301
4294967278,300
4294967278,540
4294967279,376
4294967278,572
4294967279,375
4294967278,571
4294967279,374
4294967278,539
4294967279,373
4294967278,570
4294967279,372
4294967278,569
4294967279,371
4294967278,538
4294967279,370
4294967279,369
4294967294,50
4294967294,907
4294967294,466
4294967294,113
4294967294,397
4294967294,386
4294967294,118
4294967294,387
4294967279,180
4294967279,368
4294967278,541
4294967278,0
4294967278,537
4294967279,346
4294967294,30
4294967294,947
4294967294,944
4294967294,939
4294967294,902
4294967294,900
4294967294,897
4294967294,60
4294967294,427
4294967294,12
4294967294,14
4294967294,126
4294967294,18
4294967294,127
4294967294,20
4294967294,13
4294967278,176
4294967279,177
4294967278,175
4294967279,176
4294967278,173
4294967279,175
4294967278,172
4294967278,171
4294967279,172
4294967294,11
4294967279,341
4294967278,533
4294967294,5
4294967279,338
4294967278,531
4294967279,336
4294967278,295
4294967279,333
4294967278,294
4294967279,160
4294967279,158
4294967279,155
4294967294,22
4294967294,17
4294967294,99
4294967294,76
4294967294,41
4294967279,154
4294967278,153
4294967279,153
71,6
4294967278,152
71,5
4294967279,152
71,4
4294967278,151
71,2
71,1
4294967279,151
4294967294,392
4294967294,120
4294967278,150
4294967279,150
4294967278,149
4294967279,149
70,5
4294967278,148
70,4
70,3
70,2
70,1
4294967279,328
4294967278,147
69,5
69,4
69,3
69,2
69,1
4294967278,521
4294967278,142
4294967279,142
68,5
4294967278,141
68,4
4294967279,141
68,2
68,1
4294967279,324
4294967278,140
4294967294,185
4294967294,922
4294967294,962
4294967294,401
4294967294,974
4294967279,140
4294967294,968
4294967278,139
4294967279,139
4294967278,138
67,9
4294967279,279
67,8
4294967278,276
67,7
4294967279,137
67,6
4294967278,136
67,5
4294967279,136
67,4
4294967278,135
67,3
67,2
67,1
4294967278,272
4294967294,46
4294967294,2
66,4
4294967278,286
66,3
66,2
66,1
4294967279,275
4294967294,1357
4294967294,29
4294967294,1
4294967294,91
4294967294,90
4294967294,87
4294967294,85
4294967278,271
4294967294,83
4294967294,107
4294967294,42
4294967294,426
4294967294,53
4294967294,51
4294967294,469
4294967294,84
4294967294,82
4294967294,7
4294967278,270
4294967294,6
4294967294,94
4294967294,93
4294967279,273
65,4
4294967278,269
